00000
00001
00010
00011
10100
10101
10110
10111
11000
11001
11010
11011
01100
01101
01110
01111
00001
00010
00011
00100
10101
10110
10111
11000
11001
11010
11011
11100
01101
01110
01111
10000
00010
00011
00100
00101
10110
10111
11000
11001
11010
11011
11100
11101
01110
01111
10000
10001
00011
00100
00101
00110
10111
11000
11001
11010
11011
11100
11101
11110
01111
10000
10001
10010
00100
00101
00110
00111
11000
11001
11010
11011
11100
11101
11110
11111
10000
10001
10010
10011
00101
00110
00111
01000
11001
11010
11011
11100
11101
11110
11111
00000
10001
10010
10011
10100
00110
00111
01000
01001
11010
11011
11100
11101
11110
11111
00000
00001
10010
10011
10100
10101
00111
01000
01001
01010
11011
11100
11101
11110
11111
00000
00001
00010
10011
10100
10101
10110
01000
01001
01010
01011
11100
11101
11110
11111
00000
00001
00010
00011
10100
10101
10110
10111
01001
01010
01011
01100
11101
11110
11111
00000
00001
00010
00011
00100
10101
10110
10111
11000
01010
01011
01100
01101
11110
11111
00000
00001
00010
00011
00100
00101
10110
10111
11000
11001
01011
01100
01101
01110
11111
00000
00001
00010
00011
00100
00101
00110
10111
11000
11001
11010
01100
01101
01110
01111
00000
00001
00010
00011
00100
00101
00110
00111
11000
11001
11010
11011
01101
01110
01111
10000
00001
00010
00011
00100
00101
00110
00111
01000
11001
11010
11011
11100
01110
01111
10000
10001
00010
00011
00100
00101
00110
00111
01000
01001
11010
11011
11100
11101
01111
10000
10001
10010
00011
00100
00101
00110
00111
01000
01001
01010
11011
11100
11101
11110
SIMULACAO CONCLUIDA
