10000
10001
10010
10011
10100
10101
10110
10111
11000
11001
11010
11011
11100
11101
11110
11111
10001
10010
10011
10100
10101
10110
10111
11000
11001
11010
11011
11100
11101
11110
11111
00000
10010
10011
10100
10101
10110
10111
11000
11001
11010
11011
11100
11101
11110
11111
00000
00001
10011
10100
10101
10110
10111
11000
11001
11010
11011
11100
11101
11110
11111
00000
00001
00010
10100
10101
10110
10111
11000
11001
11010
11011
11100
11101
11110
11111
00000
00001
00010
00011
10101
10110
10111
11000
11001
11010
11011
11100
11101
11110
11111
00000
00001
00010
00011
00100
10110
10111
11000
11001
11010
11011
11100
11101
11110
11111
00000
00001
00010
00011
00100
00101
10111
11000
11001
11010
11011
11100
11101
11110
11111
00000
00001
00010
00011
00100
00101
00110
11000
11001
11010
11011
11100
11101
11110
11111
00000
00001
00010
00011
00100
00101
00110
00111
11001
11010
11011
11100
11101
11110
11111
00000
00001
00010
00011
00100
00101
00110
00111
01000
11010
11011
11100
11101
11110
11111
00000
00001
00010
00011
00100
00101
00110
00111
01000
01001
11011
11100
11101
11110
11111
00000
00001
00010
00011
00100
00101
00110
00111
01000
01001
01010
11100
11101
11110
11111
00000
00001
00010
00011
00100
00101
00110
00111
01000
01001
01010
01011
11101
11110
11111
00000
00001
00010
00011
00100
00101
00110
00111
01000
01001
01010
01011
01100
11110
11111
00000
00001
00010
00011
00100
00101
00110
00111
01000
01001
01010
01011
01100
01101
11111
00000
00001
00010
00011
00100
00101
00110
00111
01000
01001
01010
01011
01100
01101
01110
